164
1 14 7 18 3 6 19 2 11 8 15 10 13 4 17 20 5 16 9 12
1 20 7 16 3 6 15 2 11 8 19 10 13 4 17 14 5 18 9 12
1 12 7 16 3 6 17 2 11 8 13 10 19 4 15 18 5 14 9 20
1 14 7 18 3 6 19 2 13 10 15 8 11 4 17 20 5 16 9 12
1 18 7 14 3 6 13 2 19 10 17 8 11 4 15 12 5 16 9 20
1 14 3 18 7 10 19 6 13 4 15 2 11 8 17 20 9 16 5 12
1 18 3 14 7 10 13 6 19 4 17 2 11 8 15 12 9 16 5 20
1 14 3 18 7 4 19 8 13 10 15 2 11 6 17 20 5 16 9 12
1 18 3 14 7 4 13 8 19 10 17 2 11 6 15 12 5 16 9 20
1 14 5 18 7 10 19 8 13 4 15 2 11 6 17 20 9 16 3 12
1 18 5 14 7 10 13 8 19 4 17 2 11 6 15 12 9 16 3 20
1 16 5 12 9 6 11 8 17 4 15 2 19 10 13 20 7 14 3 18
1 18 5 14 9 6 11 8 19 4 17 2 13 10 15 12 7 16 3 20
1 16 5 20 9 6 11 8 15 4 17 2 13 10 19 12 7 18 3 14
1 16 5 12 9 6 13 10 17 4 15 2 19 8 11 20 7 14 3 18
1 18 5 12 9 6 13 10 17 4 19 2 15 8 11 14 7 20 3 16
1 20 5 12 9 6 13 10 17 4 19 2 15 8 11 14 7 18 3 16
1 16 5 12 9 6 13 10 19 4 17 2 15 8 11 14 7 18 3 20
1 16 5 12 9 6 19 10 15 4 17 2 13 8 11 20 7 18 3 14
1 18 5 12 9 6 15 10 19 4 17 2 13 8 11 14 7 16 3 20
1 14 5 18 9 6 19 10 15 4 13 2 17 8 11 20 7 12 3 16
1 14 5 20 9 6 19 10 15 4 13 2 17 8 11 18 7 12 3 16
1 12 5 16 9 6 19 10 13 4 11 2 15 8 17 20 7 18 3 14
1 12 5 18 9 6 17 10 13 4 11 2 15 8 19 16 7 20 3 14
1 12 5 20 9 6 17 10 13 4 11 2 15 8 19 16 7 18 3 14
1 12 5 16 9 6 17 10 13 4 11 2 19 8 15 18 7 14 3 20
1 12 5 18 9 6 19 10 15 4 11 2 13 8 17 20 7 16 3 14
1 12 5 16 9 6 15 10 19 4 11 2 13 8 17 14 7 18 3 20
1 20 5 14 9 6 15 10 19 4 11 2 17 8 13 16 7 12 3 18
1 18 5 14 9 6 15 10 19 4 11 2 17 8 13 16 7 12 3 20
1 14 9 18 5 8 19 4 13 10 15 2 11 6 17 20 7 16 3 12
1 18 9 14 5 8 13 4 19 10 17 2 11 6 15 12 7 16 3 20
20 1 16 7 12 15 6 11 2 17 10 19 4 13 8 5 14 9 18 3
12 1 16 7 20 17 6 11 2 15 10 13 4 19 8 5 18 9 14 3
20 1 16 9 12 15 8 11 4 17 2 19 6 13 10 7 14 3 18 5
12 1 16 9 20 17 8 11 4 15 2 13 6 19 10 7 18 3 14 5
20 1 14 5 18 15 6 19 10 13 2 11 8 17 4 7 16 3 12 9
12 1 18 5 14 17 6 13 10 19 2 11 8 15 4 7 16 3 20 9
12 1 16 5 20 17 6 13 10 15 2 11 8 19 4 7 18 3 14 9
5 14 1 18 7 10 19 6 13 2 15 4 11 8 17 20 9 16 3 12
5 18 1 14 7 10 13 6 19 2 17 4 11 8 15 12 9 16 3 20
7 14 1 18 5 2 19 6 13 10 15 8 11 4 17 20 3 16 9 12
7 18 1 14 5 2 13 6 19 10 17 8 11 4 15 12 3 16 9 20
20 9 16 1 12 15 4 11 8 17 10 19 6 13 2 5 14 3 18 7
12 9 16 1 20 17 4 11 8 15 10 13 6 19 2 5 18 3 14 7
14 5 18 1 12 19 10 13 6 17 4 15 8 11 2 9 20 3 16 7
20 5 16 1 12 15 10 13 6 17 4 19 8 11 2 9 14 3 18 7
18 5 14 1 20 13 10 19 6 15 4 17 8 11 2 9 12 3 16 7
20 7 16 1 12 15 2 11 6 17 8 19 4 13 10 3 14 9 18 5
12 7 16 1 20 17 2 11 6 15 8 13 4 19 10 3 18 9 14 5
3 14 7 18 1 10 19 2 13 6 15 4 11 8 17 20 9 16 5 12
3 18 7 14 1 10 13 2 19 6 17 4 11 8 15 12 9 16 5 20
3 16 7 12 1 8 11 2 17 6 15 4 19 10 13 20 9 14 5 18
3 18 7 14 1 8 11 2 19 6 17 4 13 10 15 12 9 16 5 20
3 16 7 20 1 8 11 2 15 6 17 4 13 10 19 12 9 18 5 14
7 14 3 18 1 10 19 8 13 4 15 6 11 2 17 20 9 16 5 12
7 18 3 14 1 10 13 8 19 4 17 6 11 2 15 12 9 16 5 20
7 14 3 18 1 4 19 6 13 10 15 8 11 2 17 20 5 16 9 12
7 18 3 14 1 4 13 6 19 10 17 8 11 2 15 12 5 16 9 20
5 14 9 18 1 10 19 4 13 8 15 6 11 2 17 20 3 16 7 12
5 18 9 14 1 10 13 4 19 8 17 6 11 2 15 12 3 16 7 20
9 14 5 18 1 4 19 8 11 6 15 10 13 2 17 20 3 16 7 12
9 20 5 16 1 4 15 8 11 6 19 10 13 2 17 14 3 18 7 12
9 12 5 16 1 4 17 8 11 6 13 10 19 2 15 18 3 14 7 20
9 16 5 12 1 4 13 10 17 6 15 8 19 2 11 20 3 14 7 18
9 18 5 12 1 4 13 10 17 6 19 8 15 2 11 14 3 20 7 16
9 20 5 12 1 4 13 10 17 6 19 8 15 2 11 14 3 18 7 16
9 16 5 12 1 4 13 10 19 6 17 8 15 2 11 14 3 18 7 20
9 16 5 12 1 4 19 10 15 6 17 8 13 2 11 20 3 18 7 14
9 18 5 12 1 4 15 10 19 6 17 8 13 2 11 14 3 16 7 20
9 14 5 18 1 4 19 10 15 6 13 8 17 2 11 20 3 12 7 16
9 14 5 20 1 4 19 10 15 6 13 8 17 2 11 18 3 12 7 16
9 12 5 16 1 4 19 10 13 6 11 8 15 2 17 20 3 18 7 14
9 12 5 18 1 4 17 10 13 6 11 8 15 2 19 16 3 20 7 14
9 12 5 20 1 4 17 10 13 6 11 8 15 2 19 16 3 18 7 14
9 12 5 16 1 4 17 10 13 6 11 8 19 2 15 18 3 14 7 20
9 12 5 18 1 4 19 10 15 6 11 8 13 2 17 20 3 16 7 14
9 12 5 16 1 4 15 10 19 6 11 8 13 2 17 14 3 18 7 20
9 20 5 14 1 4 15 10 19 6 11 8 17 2 13 16 3 12 7 18
9 18 5 14 1 4 15 10 19 6 11 8 17 2 13 16 3 12 7 20
7 14 5 18 1 4 19 8 13 10 15 6 11 2 17 20 3 16 9 12
7 18 5 14 1 4 13 8 19 10 17 6 11 2 15 12 3 16 9 20
20 9 16 3 12 15 2 11 6 17 10 19 8 13 4 1 14 5 18 7
12 9 16 3 20 17 2 11 6 15 10 13 8 19 4 1 18 5 14 7
20 7 12 3 16 13 2 17 8 11 6 19 10 15 4 1 14 5 18 9
18 7 12 3 16 13 2 17 8 11 6 19 10 15 4 1 14 5 20 9
20 7 18 3 14 17 2 13 8 11 6 19 10 15 4 1 16 5 12 9
14 7 16 3 20 17 2 13 8 11 6 15 10 19 4 1 18 5 12 9
20 7 14 3 18 15 2 19 8 11 6 13 10 17 4 1 16 5 12 9
14 7 18 3 16 19 2 15 8 11 6 13 10 17 4 1 20 5 12 9
14 7 20 3 16 19 2 15 8 11 6 13 10 17 4 1 18 5 12 9
14 7 18 3 20 17 2 15 8 11 6 13 10 19 4 1 16 5 12 9
16 7 12 3 18 11 2 17 8 13 6 15 10 19 4 1 20 5 14 9
16 7 12 3 20 11 2 17 8 13 6 15 10 19 4 1 18 5 14 9
20 7 16 3 14 11 2 13 8 17 6 19 10 15 4 1 12 5 18 9
14 7 18 3 20 11 2 13 8 17 6 15 10 19 4 1 12 5 16 9
20 7 18 3 14 11 2 15 8 17 6 19 10 13 4 1 12 5 16 9
16 7 18 3 14 11 2 15 8 19 6 17 10 13 4 1 12 5 20 9
16 7 20 3 14 11 2 15 8 19 6 17 10 13 4 1 12 5 18 9
18 7 14 3 20 11 2 19 8 15 6 17 10 13 4 1 12 5 16 9
20 7 14 3 18 15 2 19 10 13 6 11 8 17 4 1 16 5 12 9
12 7 18 3 14 17 2 13 10 19 6 11 8 15 4 1 16 5 20 9
12 7 16 3 20 17 2 13 10 15 6 11 8 19 4 1 18 5 14 9
20 7 16 3 12 15 2 11 6 17 8 19 4 13 10 1 14 9 18 5
12 7 16 3 20 17 2 11 6 15 8 13 4 19 10 1 18 9 14 5
20 9 16 5 12 15 2 11 8 17 10 19 6 13 4 1 14 3 18 7
12 9 16 5 20 17 2 11 8 15 10 13 6 19 4 1 18 3 14 7
20 5 16 9 12 15 2 11 6 17 4 19 8 13 10 1 14 3 18 7
12 5 16 9 20 17 2 11 6 15 4 13 8 19 10 1 18 3 14 7
14 5 18 9 12 19 10 13 4 17 6 15 2 11 8 1 20 7 16 3
20 5 16 9 12 15 10 13 4 17 6 19 2 11 8 1 14 7 18 3
18 5 14 9 20 13 10 19 4 15 6 17 2 11 8 1 12 7 16 3
20 5 16 9 12 15 8 11 4 17 6 19 2 13 10 1 14 7 18 3
12 5 16 9 20 17 8 11 4 15 6 13 2 19 10 1 18 7 14 3
5 14 9 18 3 10 19 4 13 8 15 6 11 2 17 20 1 16 7 12
5 18 9 14 3 10 13 4 19 8 17 6 11 2 15 12 1 16 7 20
7 16 3 12 9 2 11 8 17 4 15 6 19 10 13 20 1 14 5 18
7 18 3 14 9 2 11 8 19 4 17 6 13 10 15 12 1 16 5 20
7 16 3 20 9 2 11 8 15 4 17 6 13 10 19 12 1 18 5 14
7 14 3 18 5 2 19 6 13 10 15 8 11 4 17 20 1 16 9 12
7 18 3 14 5 2 13 6 19 10 17 8 11 4 15 12 1 16 9 20
20 9 16 3 12 15 4 11 8 17 10 19 6 13 2 5 14 1 18 7
12 9 16 3 20 17 4 11 8 15 10 13 6 19 2 5 18 1 14 7
20 3 16 9 12 15 8 11 4 17 2 19 6 13 10 7 14 1 18 5
12 3 16 9 20 17 8 11 4 15 2 13 6 19 10 7 18 1 14 5
9 14 3 18 7 4 19 8 11 2 15 10 13 6 17 20 5 16 1 12
9 20 3 16 7 4 15 8 11 2 19 10 13 6 17 14 5 18 1 12
9 12 3 16 7 4 17 8 11 2 13 10 19 6 15 18 5 14 1 20
5 14 3 18 7 10 19 6 13 2 15 4 11 8 17 20 9 16 1 12
5 18 3 14 7 10 13 6 19 2 17 4 11 8 15 12 9 16 1 20
3 14 9 18 5 8 19 4 13 10 15 2 11 6 17 20 7 16 1 12
3 18 9 14 5 8 13 4 19 10 17 2 11 6 15 12 7 16 1 20
20 3 16 7 12 15 6 11 2 17 10 19 4 13 8 5 14 9 18 1
12 3 16 7 20 17 6 11 2 15 10 13 4 19 8 5 18 9 14 1
20 3 12 7 16 13 8 17 2 11 4 19 10 15 6 9 14 5 18 1
18 3 12 7 16 13 8 17 2 11 4 19 10 15 6 9 14 5 20 1
20 3 18 7 14 17 8 13 2 11 4 19 10 15 6 9 16 5 12 1
14 3 16 7 20 17 8 13 2 11 4 15 10 19 6 9 18 5 12 1
20 3 14 7 18 15 8 19 2 11 4 13 10 17 6 9 16 5 12 1
14 3 18 7 16 19 8 15 2 11 4 13 10 17 6 9 20 5 12 1
14 3 20 7 16 19 8 15 2 11 4 13 10 17 6 9 18 5 12 1
14 3 18 7 20 17 8 15 2 11 4 13 10 19 6 9 16 5 12 1
16 3 12 7 18 11 8 17 2 13 4 15 10 19 6 9 20 5 14 1
16 3 12 7 20 11 8 17 2 13 4 15 10 19 6 9 18 5 14 1
20 3 16 7 14 11 8 13 2 17 4 19 10 15 6 9 12 5 18 1
14 3 18 7 20 11 8 13 2 17 4 15 10 19 6 9 12 5 16 1
20 3 18 7 14 11 8 15 2 17 4 19 10 13 6 9 12 5 16 1
16 3 18 7 14 11 8 15 2 19 4 17 10 13 6 9 12 5 20 1
16 3 20 7 14 11 8 15 2 19 4 17 10 13 6 9 12 5 18 1
18 3 14 7 20 11 8 19 2 15 4 17 10 13 6 9 12 5 16 1
14 3 18 7 12 19 10 13 2 17 4 15 8 11 6 9 20 5 16 1
20 3 16 7 12 15 10 13 2 17 4 19 8 11 6 9 14 5 18 1
18 3 14 7 20 13 10 19 2 15 4 17 8 11 6 9 12 5 16 1
20 3 16 9 12 15 6 11 2 17 4 19 8 13 10 7 14 5 18 1
12 3 16 9 20 17 6 11 2 15 4 13 8 19 10 7 18 5 14 1
20 9 16 5 12 15 6 11 2 17 10 19 8 13 4 7 14 3 18 1
12 9 16 5 20 17 6 11 2 15 10 13 8 19 4 7 18 3 14 1
20 5 16 9 12 15 8 11 2 17 4 19 6 13 10 7 14 3 18 1
12 5 16 9 20 17 8 11 2 15 4 13 6 19 10 7 18 3 14 1
20 9 16 5 12 15 4 11 8 17 10 19 2 13 6 3 14 7 18 1
12 9 16 5 20 17 4 11 8 15 10 13 2 19 6 3 18 7 14 1
20 9 14 5 18 15 4 19 10 13 8 11 2 17 6 3 16 7 12 1
12 9 18 5 14 17 4 13 10 19 8 11 2 15 6 3 16 7 20 1
12 9 16 5 20 17 4 13 10 15 8 11 2 19 6 3 18 7 14 1